{
  "keyframes": [
    {
      "matrix": "[-0.06129325931502898,0.9981198936185425,-5.55111563847616e-17,0,-0.2136033122566845,-0.013117104761065467,0.9768323941005715,0,0.9749957940072976,0.05987323809016365,0.21400569415512735,0,0.3899983167648309,0.02394929341971879,0.08560227602720251,1]",
      "fov": 50,
      "aspect": 1,
      "properties": "[[\"FOV\",50],[\"NAME\",\"Camera 0\"],[\"TIME\",0]]"
    },
    {
      "matrix": "[-0.7357914948789794,0.6772080098451015,-1.6653343808414306e-16,0,-0.23722368770586066,-0.2577452854370751,0.9366387627934473,0,0.6342993915403313,0.6891709647808789,0.35029663605277017,0,0.25371977686881986,0.2756683826446531,0.1401186585426329,1]",
      "fov": 50,
      "aspect": 1,
      "properties": "[[\"FOV\",50],[\"NAME\",\"Camera 1\"],[\"TIME\",0.14583333333333334]]"
    },
    {
      "matrix": "[-0.9994872807433455,0.032018265554095135,1.7347234705096698e-18,0,-0.018066248521134497,-0.5639588933109064,0.8256050875554521,0,0.026434443102307355,0.825181789115077,0.5642481942154551,0,0.01057377830147729,0.3300727307796475,0.22569930553436252,1]",
      "fov": 50,
      "aspect": 1,
      "properties": "[[\"FOV\",50],[\"NAME\",\"Camera 2\"],[\"TIME\",0.2916666666666667]]"
    },
    {
      "matrix": "[-0.8428814781055293,-0.5380993131514814,-2.775557640593364e-17,0,0.36216321011980457,-0.5672942789564381,0.7396044987163535,0,-0.39798070949919073,0.6233989906352692,0.6730416771078843,0,-0.1591922938823695,0.24935959279537195,0.26921668648719743,1]",
      "fov": 50,
      "aspect": 1,
      "properties": "[[\"FOV\",50],[\"NAME\",\"Camera 3\"],[\"TIME\",0.4375]]"
    },
    {
      "matrix": "[-0.05298530175152889,-0.9985953570586995,-2.77555774105943e-16,0,0.85722863676047,-0.04548440734051559,0.5129230613159244,0,-0.5122025614834443,0.02717738179560819,0.8584344979539016,0,-0.20488105714321114,0.010870954021811994,0.3433738350868221,1]",
      "fov": 50,
      "aspect": 1,
      "properties": "[[\"FOV\",50],[\"NAME\",\"Camera 4\"],[\"TIME\",0.5833333333333334]]"
    },
    {
      "matrix": "[0.9930182695341782,-0.11796058718386948,0,0,0.09437873256716484,0.7945010103127964,0.5998840270537402,0,-0.07076266514890324,-0.5956957401734542,0.8000869108216304,0,-0.02830506861209869,-0.2382783144712446,0.32003480195999096,1]",
      "fov": 50,
      "aspect": 1,
      "properties": "[[\"FOV\",50],[\"NAME\",\"Camera 5\"],[\"TIME\",0.8385416666666667]]"
    },
    {
      "matrix": "[0.6268336123776153,0.7791530548184787,0,0,-0.474698405001325,0.3818979007483906,0.792978775654405,0,0.6178518610331749,-0.4970657710581463,0.6092491782795056,0,0.24714076519012412,-0.1988263279199598,0.2436996996402738,1]",
      "fov": 50,
      "aspect": 1,
      "properties": "[[\"FOV\",50],[\"NAME\",\"Camera 6\"],[\"TIME\",1]]"
    }
  ],
  "camera_type": "perspective",
  "render_height": 1080,
  "render_width": 1920,
  "camera_path": [
    {
      "camera_to_world": [
        -0.06129325362473053,
        -0.21360331657055373,
        0.9749957744575892,
        0.3899983167648309,
        0.9981198009558245,
        -0.013117105025974685,
        0.05987323688964119,
        0.02394929341971879,
        -5.898059818321145e-17,
        0.9768324138283891,
        0.21400568986408433,
        0.08560227602720251,
        0,
        0,
        0,
        1
      ],
      "fov": 50,
      "aspect": 1
    },
    {
      "camera_to_world": [
        -0.1211641000458673,
        -0.202000444618219,
        0.971861657456511,
        0.3889047027216152,
        0.9925068786251053,
        -0.040229099415871855,
        0.11537640764921796,
        0.04616956084171562,
        0.01579103359269707,
        0.9785588586969257,
        0.20536115339529182,
        0.0821782772314398,
        0,
        0,
        0,
        1
      ],
      "fov": 50,
      "aspect": 1
    },
    {
      "camera_to_world": [
        -0.18189084026640492,
        -0.19503943498402185,
        0.963781791189424,
        0.3851729336575193,
        0.9829338843906673,
        -0.06348263176390354,
        0.17265843269589595,
        0.06900250048218165,
        0.027508201392599275,
        0.9787387671209524,
        0.2032577786720647,
        0.08123145095341439,
        0,
        0,
        0,
        1
      ],
      "fov": 50,
      "aspect": 1
    },
    {
      "camera_to_world": [
        -0.2433772343563144,
        -0.19237069211815083,
        0.9506634728499122,
        0.3790346598452737,
        0.969301612779868,
        -0.08356214880955737,
        0.23123959597931382,
        0.09219647376721693,
        0.03495576146243278,
        0.9777580907874468,
        0.20680234679584397,
        0.08245321074718949,
        0,
        0,
        0,
        1
      ],
      "fov": 50,
      "aspect": 1
    },
    {
      "camera_to_world": [
        -0.3052555733277054,
        -0.1935997415639687,
        0.93238306238302,
        0.37072153155760845,
        0.9515045512892125,
        -0.10127142272759367,
        0.2904878445213213,
        0.11549984212292147,
        0.03818538762783702,
        0.9758397609265026,
        0.21512470143295556,
        0.08553497016682844,
        0,
        0,
        0,
        1
      ],
      "fov": 50,
      "aspect": 1
    },
    {
      "camera_to_world": [
        -0.3669308831643694,
        -0.19821027780779904,
        0.9088863585463097,
        0.3604651990672541,
        0.9294919394183447,
        -0.11750838629804247,
        0.3496233883852087,
        0.1386609669753953,
        0.037502820381144664,
        0.9730901627911904,
        0.22735231149578056,
        0.0901681427663945,
        0,
        0,
        0,
        1
      ],
      "fov": 50,
      "aspect": 1
    },
    {
      "camera_to_world": [
        -0.42765612351521826,
        -0.20549384748456734,
        0.8802741156400805,
        0.3484973126469407,
        0.9033213137148598,
        -0.13321974594817226,
        0.40775372895654144,
        0.16142820975073838,
        0.03347901146086441,
        0.9695487496436133,
        0.24259921239795793,
        0.09604414209995099,
        0,
        0,
        0,
        1
      ],
      "fov": 50,
      "aspect": 1
    },
    {
      "camera_to_world": [
        -0.4866326566044623,
        -0.21450247640126036,
        0.8468632387486249,
        0.33504952256939874,
        0.8731909115228353,
        -0.14933377392049146,
        0.4639364784111975,
        0.1835499318750508,
        0.026949759924780596,
        0.965239924363052,
        0.259972304016421,
        0.10285438172156117,
        0,
        0,
        0,
        1
      ],
      "fov": 50,
      "aspect": 1
    },
    {
      "camera_to_world": [
        -0.543120825341987,
        -0.22403787331079741,
        0.809213692668515,
        0.3203534791073585,
        0.8394397039922624,
        -0.1666797288861307,
        0.5172609122481892,
        0.20477449477443252,
        0.018993484178045472,
        0.9602212762175295,
        0.2785935179754857,
        0.11029027518528836,
        0,
        0,
        0,
        1
      ],
      "fov": 50,
      "aspect": 1
    },
    {
      "camera_to_world": [
        -0.5965378196235281,
        -0.23268182649890135,
        0.7681157447780524,
        0.3046408325335501,
        0.8025111473133524,
        -0.18590987985975232,
        0.5669333073725158,
        0.22485025987498358,
        0.010885228367571888,
        0.9546186066632409,
        0.2976320339206084,
        0.11804323604519583,
        0,
        0,
        0,
        1
      ],
      "fov": 50,
      "aspect": 1
    },
    {
      "camera_to_world": [
        -0.6465188937800652,
        -0.2388601292389016,
        0.7245406535491131,
        0.28814323312070406,
        0.762887311326952,
        -0.20744091898042302,
        0.6123489326755555,
        0.2435255886028041,
        0.00403363381271768,
        0.9486380256939593,
        0.31633783524221715,
        0.12580467785534694,
        0,
        0,
        0,
        1
      ],
      "fov": 50,
      "aspect": 1
    },
    {
      "camera_to_world": [
        -0.6929249442415382,
        -0.24092297847091818,
        0.6795668768359466,
        0.27109233114155057,
        0.721009718408596,
        -0.2314245192827099,
        0.6531367987145754,
        0.2605488423839939,
        -0.00008722510306460875,
        0.9425491023386888,
        0.3340676309855734,
        0.13326601416980483,
        0,
        0,
        0,
        1
      ],
      "fov": 50,
      "aspect": 1
    },
    {
      "camera_to_world": [
        -0.7357915638467104,
        -0.23722370168532977,
        0.6342993693286493,
        0.25371977686881986,
        0.6772080733216436,
        -0.2577453006258713,
        0.6891709406477227,
        0.2756683826446531,
        -1.6653345369377343e-16,
        0.9366388179890844,
        0.35029662378620074,
        0.1401186585426329,
        0,
        0,
        0,
        1
      ],
      "fov": 50,
      "aspect": 1
    },
    {
      "camera_to_world": [
        -0.7753572833058691,
        -0.22909247026929525,
        0.5885046501859221,
        0.23571877397987462,
        0.6315147205272204,
        -0.2859887107674242,
        0.7206938428146958,
        0.2886656061965916,
        0.0032001534290160005,
        0.9304445697512016,
        0.36641869717378245,
        0.1467647892556365,
        0,
        0,
        0,
        1
      ],
      "fov": 50,
      "aspect": 1
    },
    {
      "camera_to_world": [
        -0.8118908887448419,
        -0.21890071899143765,
        0.541216832700298,
        0.2167411856017328,
        0.5837672447249949,
        -0.3155128243495065,
        0.748109257834165,
        0.29959539183385625,
        0.00699919704671584,
        0.9233277494454659,
        0.3839490569654679,
        0.15376012557923463,
        0,
        0,
        0,
        1
      ],
      "fov": 50,
      "aspect": 1
    },
    {
      "camera_to_world": [
        -0.8454537538203284,
        -0.20665459609436887,
        0.4924447462042711,
        0.19695665118160804,
        0.5339399200133355,
        -0.3456940138597735,
        0.7716241381642178,
        0.3086163239559025,
        0.010775526310520034,
        0.9153084325486093,
        0.40260944019997763,
        0.1610263925504112,
        0,
        0,
        0,
        1
      ],
      "fov": 50,
      "aspect": 1
    },
    {
      "camera_to_world": [
        -0.8760076438486696,
        -0.19240869177910191,
        0.4422550206007355,
        0.17653481016671374,
        0.4820940166274944,
        -0.3759446437448547,
        0.7913602112638235,
        0.3158869869621858,
        0.013998823188810905,
        0.9064460933598913,
        0.42208946063828645,
        0.16848531520615,
        0,
        0,
        0,
        1
      ],
      "fov": 50,
      "aspect": 1
    },
    {
      "camera_to_world": [
        -0.9034466947466391,
        -0.17625047153998893,
        0.390793860025084,
        0.15564530200426338,
        0.4283923841774865,
        -0.40571651846254775,
        0.8073871882965187,
        0.32156596525216186,
        0.016249151673310036,
        0.8968444000653407,
        0.4420476073245245,
        0.1760586185834349,
        0,
        0,
        0,
        1
      ],
      "fov": 50,
      "aspect": 1
    },
    {
      "camera_to_world": [
        -0.9276300716312612,
        -0.15828654166925443,
        0.33830137589399284,
        0.13445776614147056,
        0.37310231019212126,
        -0.4345044843780259,
        0.819756377946941,
        0.3258118432252859,
        0.01723706282066051,
        0.886651692482326,
        0.4621165003368127,
        0.18366802771924973,
        0,
        0,
        0,
        1
      ],
      "fov": 50,
      "aspect": 1
    },
    {
      "camera_to_world": [
        -0.9484143336676076,
        -0.1386301526918691,
        0.285117401184945,
        0.11314184202554876,
        0.3165869383825717,
        -0.46184915243463487,
        0.8285336872094937,
        0.3287832052810135,
        0.01682147851342318,
        0.8760576699966952,
        0.4819128517694708,
        0.1912352676505783,
        0,
        0,
        0,
        1
      ],
      "fov": 50,
      "aspect": 1
    },
    {
      "camera_to_world": [
        -0.9656837315017077,
        -0.11738985347746916,
        0.23167769209286468,
        0.09186716910371139,
        0.2592860715604627,
        -0.48733781575923235,
        0.8338300704734528,
        0.33063863581880015,
        0.015022110626690247,
        0.865286932544089,
        0.5010517543734986,
        0.19868206341440453,
        0,
        0,
        0,
        1
      ],
      "fov": 50,
      "aspect": 1
    },
    {
      "camera_to_world": [
        -0.9793759687921617,
        -0.09465940025241819,
        0.17850016721635673,
        0.07080338682317207,
        0.20168822156884447,
        -0.510602980000337,
        0.8358268110650506,
        0.33153671923810146,
        0.012023852660921267,
        0.8545900741049055,
        0.5191639742976785,
        0.20593014004771223,
        0,
        0,
        0,
        1
      ],
      "fov": 50,
      "aspect": 1
    },
    {
      "camera_to_world": [
        -0.9895006762944394,
        -0.07050897033722041,
        0.12616218417113775,
        0.050120134631144245,
        0.14429702636431382,
        -0.5313183182447834,
        0.8347929161654114,
        0.3316360399383728,
        0.008171890556268824,
        0.844232983127004,
        0.5359140699825078,
        0.21290122258748523,
        0,
        0,
        0,
        1
      ],
      "fov": 50,
      "aspect": 1
    },
    {
      "camera_to_world": [
        -0.9961481964144896,
        -0.04497755466020475,
        0.07527144449887874,
        0.029987051974841424,
        0.08759626245101702,
        -0.5491921774593971,
        0.8310925622468406,
        0.3310951823190696,
        0.003957977358706476,
        0.8344848541430783,
        0.5510166627435449,
        0.21951703607070733,
        0,
        0,
        0,
        1
      ],
      "fov": 50,
      "aspect": 1
    },
    {
      "camera_to_world": [
        -0.9994872838933199,
        -0.018066250478815764,
        0.026434445883942247,
        0.01057377830147729,
        0.03201826565500358,
        -0.5639589544221969,
        0.8251818759470351,
        0.3300727307796475,
        3.469446951953614e-18,
        0.8256051770190515,
        0.5642482535899787,
        0.22569930553436252,
        0,
        0,
        0,
        1
      ],
      "fov": 50,
      "aspect": 1
    },
    {
      "camera_to_world": [
        -0.9997585069470363,
        0.009450584617730901,
        -0.01983971364248754,
        -0.007971935675852023,
        -0.02166486648280607,
        -0.5751530968364083,
        0.8177588573410695,
        0.32858937263539173,
        -0.003682573463623537,
        0.8179911990051436,
        0.5752189470130593,
        0.23113274335933756,
        0,
        0,
        0,
        1
      ],
      "fov": 50,
      "aspect": 1
    },
    {
      "camera_to_world": [
        -0.9973068793160025,
        0.036647619222215225,
        -0.06352905220700324,
        -0.02563251265275069,
        -0.07296917336343084,
        -0.582989081435291,
        0.8091966575968372,
        0.32649219183031697,
        -0.0073816128071173045,
        0.8116530557649487,
        0.5840931679619158,
        0.23566814397179983,
        0,
        0,
        0,
        1
      ],
      "fov": 50,
      "aspect": 1
    },
    {
      "camera_to_world": [
        -0.9924617057050202,
        0.06352122842468307,
        -0.10480847412543107,
        -0.04243357329505668,
        -0.12207283059585178,
        -0.5881724124979237,
        0.7994694723419329,
        0.32367936770697237,
        -0.010862170105388253,
        0.8062371032864906,
        0.5914928119130528,
        0.2394763554766538,
        0,
        0,
        0,
        1
      ],
      "fov": 50,
      "aspect": 1
    },
    {
      "camera_to_world": [
        -0.9854689924027595,
        0.09027766917544051,
        -0.14387775179276255,
        -0.0584007382686077,
        -0.1692863090916344,
        -0.5913017730787596,
        0.7884823135036364,
        0.3200490796079074,
        -0.013892824292478928,
        0.8013814045772243,
        0.5979923359299963,
        0.2427282259788039,
        0,
        0,
        0,
        1
      ],
      "fov": 50,
      "aspect": 1
    },
    {
      "camera_to_world": [
        -0.9764752670369291,
        0.11728221957871972,
        -0.18094456011675855,
        -0.0735596282392414,
        -0.2150160131441509,
        -0.5928513911234019,
        0.7760768918957976,
        0.3154995068756714,
        -0.01625321373613907,
        0.7967258681715665,
        0.6041222757269518,
        0.24559460358315452,
        0,
        0,
        0,
        1
      ],
      "fov": 50,
      "aspect": 1
    },
    {
      "camera_to_world": [
        -0.9655165411521072,
        0.1450186268551081,
        -0.2162114858806782,
        -0.08793586387279577,
        -0.25973666867837447,
        -0.5931609805244719,
        0.7620347197648593,
        0.30992882885281364,
        -0.0177389882894191,
        0.7919151779378306,
        0.6103733932980384,
        0.24824633639461016,
        0,
        0,
        0,
        1
      ],
      "fov": 50,
      "aspect": 1
    },
    {
      "camera_to_world": [
        -0.9525077007673858,
        0.17405870888771732,
        -0.24986525536610563,
        -0.1015550658351085,
        -0.3039721934534197,
        -0.5924265156876736,
        0.746077562400371,
        0.30323522488188337,
        -0.018165505386448788,
        0.7865967132975471,
        0.6171998258615692,
        0.25085427251807524,
        0,
        0,
        0,
        1
      ],
      "fov": 50,
      "aspect": 1
    },
    {
      "camera_to_world": [
        -0.9372284762142367,
        0.20503955156680836,
        -0.2820665979275499,
        -0.11444285479201728,
        -0.34828294476442073,
        -0.5906864061332044,
        0.7278657568505765,
        0.29531687430543,
        -0.017371636634566253,
        0.780415499527477,
        0.6250198991535513,
        0.25358926005845417,
        0,
        0,
        0,
        1
      ],
      "fov": 50,
      "aspect": 1
    },
    {
      "camera_to_world": [
        -0.91930298817176,
        0.23864404546969928,
        -0.31293934795792167,
        -0.12662485140936003,
        -0.39325591080986877,
        -0.5877987513657867,
        0.7069953440482636,
        0.2860719564660028,
        -0.015225128950970338,
        0.7730081807165292,
        0.6342133300347352,
        0.2566221471206514,
        0,
        0,
        0,
        1
      ],
      "fov": 50,
      "aspect": 1
    },
    {
      "camera_to_world": [
        -0.8981707095431832,
        0.27557879820717496,
        -0.34255759004492115,
        -0.13812667635297451,
        -0.43949299447359014,
        -0.5834063537442447,
        0.6829955594434581,
        0.2753986507061512,
        -0.011631179103257895,
        0.7639982672686727,
        0.6451134499319741,
        0.2601237818095714,
        0,
        0,
        0,
        1
      ],
      "fov": 50,
      "aspect": 1
    },
    {
      "camera_to_world": [
        -0.8730479357699946,
        0.31654110785728234,
        -0.37092995145207136,
        -0.14897395028869836,
        -0.48759045110650767,
        -0.5768875982466444,
        0.6553291165353258,
        0.26319513636842445,
        -0.0065462842517037285,
        0.7529956347985707,
        0.6579929483944288,
        0.26426501223011867,
        0,
        0,
        0,
        1
      ],
      "fov": 50,
      "aspect": 1
    },
    {
      "camera_to_world": [
        -0.8428814541055516,
        0.36216324557152174,
        -0.3979807003888663,
        -0.1591922938823695,
        -0.538099297829788,
        -0.5672943344881868,
        0.6233989763648111,
        0.24935959279537195,
        0,
        0.7396045711153406,
        0.6730416617010371,
        0.26921668648719743,
        0,
        0,
        0,
        1
      ],
      "fov": 50,
      "aspect": 1
    },
    {
      "camera_to_world": [
        -0.8056550200695396,
        0.4141068672241183,
        -0.4235982662317872,
        -0.16888044031443658,
        -0.5923115440686507,
        -0.5518628194728848,
        0.5870387238048688,
        0.23404097414080705,
        0.009328633327578854,
        0.7238528379451618,
        0.6898913288330091,
        0.2750463349833422,
        0,
        0,
        0,
        1
      ],
      "fov": 50,
      "aspect": 1
    },
    {
      "camera_to_world": [
        -0.7599946693790427,
        0.47139578371194135,
        -0.4474305729541111,
        -0.17801659519551988,
        -0.6495786694982624,
        -0.5283185942686227,
        0.5467421833761261,
        0.21752911160639307,
        0.021346068685046515,
        0.7061625011628917,
        0.707727961368676,
        0.2815795979120499,
        0,
        0,
        0,
        1
      ],
      "fov": 50,
      "aspect": 1
    },
    {
      "camera_to_world": [
        -0.7060683952134476,
        0.5305751349732831,
        -0.46899621259535695,
        -0.18644558783671478,
        -0.7073331016595037,
        -0.4967361413418626,
        0.5029245362691538,
        0.1999335001064538,
        0.03387188476381662,
        0.6868356659586624,
        0.7260230460458315,
        0.28862448806466956,
        0,
        0,
        0,
        1
      ],
      "fov": 50,
      "aspect": 1
    },
    {
      "camera_to_world": [
        -0.6447640023589591,
        0.588440509626711,
        -0.4878700112656166,
        -0.19401224754911653,
        -0.763059985996732,
        -0.4579799522491698,
        0.4560633959314379,
        0.18136363455531326,
        0.044931492660754774,
        0.6663273444547393,
        0.7443043940480076,
        0.2959890182325497,
        0,
        0,
        0,
        1
      ],
      "fov": 50,
      "aspect": 1
    },
    {
      "camera_to_world": [
        -0.5775828140813426,
        0.6424081102124399,
        -0.5036962505430819,
        -0.20056140364382033,
        -0.8146131675557463,
        -0.4135479646756645,
        0.40667366297488344,
        0.16192900986729541,
        0.05294790007801048,
        0.6452053168146534,
        0.7621723027186383,
        0.3034812012070392,
        0,
        0,
        0,
        1
      ],
      "fov": 50,
      "aspect": 1
    },
    {
      "camera_to_world": [
        -0.5063404655481185,
        0.6907701609633479,
        -0.5161936823239753,
        -0.20593788543192165,
        -0.8604554757109448,
        -0.3652330027832753,
        0.3552762699603842,
        0.14173912095672397,
        0.05688327757405083,
        0.6240524324130003,
        0.7793092161214642,
        0.31090904977948675,
        0,
        0,
        0,
        1
      ],
      "fov": 50,
      "aspect": 1
    },
    {
      "camera_to_world": [
        -0.43278471323527445,
        0.7327437664861027,
        -0.5251513730969585,
        -0.2099865222245156,
        -0.899738630282952,
        -0.31471520876547315,
        0.3023652336963728,
        0.12090346273792295,
        0.05628311617544672,
        0.6033580280790704,
        0.7954818041829221,
        0.3180805767412412,
        0,
        0,
        0,
        1
      ],
      "fov": 50,
      "aspect": 1
    },
    {
      "camera_to_world": [
        -0.35825532823820316,
        0.7683177799059917,
        -0.5304157886689134,
        -0.2125521433326976,
        -0.9322174781155865,
        -0.26320972137450854,
        0.24837716495235537,
        0.09953153012521643,
        0.05122200000735308,
        0.5834453116225048,
        0.8105355483018404,
        0.32480379488365113,
        0,
        0,
        0,
        1
      ],
      "fov": 50,
      "aspect": 1
    },
    {
      "camera_to_world": [
        -0.2834584226598422,
        0.7979755961606957,
        -0.531870539281108,
        -0.21347957806756282,
        -0.9580560533544938,
        -0.21123911820562444,
        0.19366629435841815,
        0.07773281803292821,
        0.042189112979600304,
        0.5644581320803984,
        0.8243828575815377,
        0.33088671699806543,
        0,
        0,
        0,
        1
      ],
      "fov": 50,
      "aspect": 1
    },
    {
      "camera_to_world": [
        -0.20835321258608092,
        0.822382722442728,
        -0.5294106125048366,
        -0.21261365574020663,
        -0.9775945514144972,
        -0.15852558404768413,
        0.13848657785875307,
        0.055616821375381945,
        0.029963842372886768,
        0.5464030536426636,
        0.8369861833508515,
        0.33613735587583293,
        0,
        0,
        0,
        1
      ],
      "fov": 50,
      "aspect": 1
    },
    {
      "camera_to_world": [
        -0.13209797156925754,
        0.842088134683666,
        -0.5229127071818697,
        -0.2097992056617243,
        -0.9911151235824949,
        -0.10394691891925736,
        0.08298102104246265,
        0.03329303506690199,
        0.015522168448510228,
        0.5292283169598707,
        0.848337462814462,
        0.3403637243083022,
        0,
        0,
        0,
        1
      ],
      "fov": 50,
      "aspect": 1
    },
    {
      "camera_to_world": [
        -0.05298529832494583,
        0.8572287079863071,
        -0.5122025969921894,
        -0.20488105714321114,
        -0.9985952924790986,
        -0.04548441111974615,
        0.027177383679696236,
        0.010870954021811994,
        -2.42861286636753e-16,
        0.5129231039339295,
        0.8584345574653803,
        0.3433738350868221,
        0,
        0,
        0,
        1
      ],
      "fov": 50,
      "aspect": 1
    },
    {
      "camera_to_world": [
        -0.004200532773766423,
        0.8636115415738888,
        -0.5041403185471163,
        -0.20113585432933376,
        -0.9999534507452543,
        -0.008006716767390329,
        -0.005384127530521083,
        -0.0021480938576121243,
        -0.008686303418292424,
        0.5040942349868505,
        0.8636049735764305,
        0.34455072974093376,
        0,
        0,
        0,
        1
      ],
      "fov": 50,
      "aspect": 1
    },
    {
      "camera_to_world": [
        0.04933520585540627,
        0.8676903970065639,
        -0.49465079844855814,
        -0.19679574839101283,
        -0.9986417752345145,
        0.03454705021735548,
        -0.0390013599472771,
        -0.015516604618793006,
        -0.01675237952239145,
        0.49590309160547796,
        0.8682162642547457,
        0.3454179406209382,
        0,
        0,
        0,
        1
      ],
      "fov": 50,
      "aspect": 1
    },
    {
      "camera_to_world": [
        0.10775761396646272,
        0.8685837699904924,
        -0.48368433005562456,
        -0.1918810422806496,
        -0.9938872884884873,
        0.08236883384906588,
        -0.07350804711966956,
        -0.029161166275155928,
        -0.024007382474092856,
        0.48864875904830507,
        0.8721502369817337,
        0.34598823447247423,
        0,
        0,
        0,
        1
      ],
      "fov": 50,
      "aspect": 1
    },
    {
      "camera_to_world": [
        0.17101938405100817,
        0.8652851782984019,
        -0.4712047649333744,
        -0.1864120389506451,
        -0.9848031903623006,
        0.13543916081244303,
        -0.1087148102636246,
        -0.04300836684012691,
        -0.03024973604923665,
        0.4826362957088122,
        0.8752983260200076,
        0.3462743780411803,
        0,
        0,
        0,
        1
      ],
      "fov": 50,
      "aspect": 1
    },
    {
      "camera_to_world": [
        0.23881172127484834,
        0.8567054529772944,
        -0.45719222283489575,
        -0.1804090413534004,
        -0.970424942711726,
        0.19344498460409354,
        -0.14441076308386921,
        -0.05698479432713173,
        -0.0352759456951552,
        0.4781577195554734,
        0.8775652698716043,
        0.346289138072695,
        0,
        0,
        0,
        1
      ],
      "fov": 50,
      "aspect": 1
    },
    {
      "camera_to_world": [
        0.3104858733992975,
        0.8417529310894765,
        -0.4416452483857949,
        -0.17389235244131657,
        -0.9497819050833124,
        0.25569960884005344,
        -0.18036641265867037,
        -0.07101703674959617,
        -0.03889543926721383,
        0.4754678885490782,
        0.8788728188781878,
        0.34604528131265694,
        0,
        0,
        0,
        1
      ],
      "fov": 50,
      "aspect": 1
    },
    {
      "camera_to_world": [
        0.384994968940008,
        0.8194564225357325,
        -0.4245822010586656,
        -0.1668822751667947,
        -0.9220096556788336,
        0.32108590259090247,
        -0.21633778678812488,
        -0.08503168212094599,
        -0.04095202956974117,
        0.4747578485105056,
        0.8791631910810387,
        0.34555557450670477,
        0,
        0,
        0,
        1
      ],
      "fov": 50,
      "aspect": 1
    },
    {
      "camera_to_world": [
        0.4608840372059753,
        0.7891235908860297,
        -0.4060417005134563,
        -0.1593991124822358,
        -0.8864964928973523,
        0.38805138379562226,
        -0.25207160017542046,
        -0.09895531845460724,
        -0.041350602527841,
        0.4761303202290743,
        0.8784019841901223,
        0.34483278440047693,
        0,
        0,
        0,
        1
      ],
      "fov": 50,
      "aspect": 1
    },
    {
      "camera_to_world": [
        0.536355599951033,
        0.7505087272139283,
        -0.3860820130191215,
        -0.15146316734004106,
        -0.8430396714115699,
        0.4546827592570968,
        -0.2873111568676466,
        -0.11271453376400517,
        -0.04008469567603018,
        0.4795834013079295,
        0.8765802749106767,
        0.3438896777396121,
        0,
        0,
        0,
        1
      ],
      "fov": 50,
      "aspect": 1
    },
    {
      "camera_to_world": [
        0.6094231869628475,
        0.7039455978645943,
        -0.3647793503463497,
        -0.14309474269261155,
        -0.7919692122798077,
        0.518871716167778,
        -0.3218025931561238,
        -0.12623591606256582,
        -0.03725783129688676,
        0.48500797664385215,
        0.8737156955205103,
        0.3427390212697488,
        0,
        0,
        0,
        1
      ],
      "fov": 50,
      "aspect": 1
    },
    {
      "camera_to_world": [
        0.6781353970038028,
        0.6503955186322481,
        -0.3422251490957142,
        -0.13431414149234833,
        -0.7341916554438462,
        0.5785531998144539,
        -0.3553010104982552,
        -0.139446053363715,
        -0.0330907299272705,
        0.4922010405591861,
        0.8698523663618642,
        0.3413935817365257,
        0,
        0,
        0,
        1
      ],
      "fov": 50,
      "aspect": 1
    },
    {
      "camera_to_world": [
        0.7408203111783322,
        0.5913786340977477,
        -0.3185224916364955,
        -0.12514166669165247,
        -0.6711231849029299,
        0.6319639875511144,
        -0.38757604302155063,
        -0.1522715336808784,
        -0.027909446991778324,
        0.5008920338467934,
        0.8650596703103411,
        0.33986612588558135,
        0,
        0,
        0,
        1
      ],
      "fov": 50,
      "aspect": 1
    },
    {
      "camera_to_world": [
        0.7962838453317865,
        0.5287950735464496,
        -0.293781905257333,
        -0.11559762124292505,
        -0.6045187654682118,
        0.6778530339904718,
        -0.4184164510469223,
        -0.16463894502748186,
        -0.02211560219421721,
        0.5107749352727845,
        0.859429965521723,
        0.3381694204625542,
        0,
        0,
        0,
        1
      ],
      "fov": 50,
      "aspect": 1
    },
    {
      "camera_to_world": [
        0.8439092818884573,
        0.4646832184162278,
        -0.2681168224204605,
        -0.10570230809856695,
        -0.5362428767948235,
        0.7155891945376507,
        -0.44763342340331114,
        -0.17647487541695137,
        -0.016146238859872986,
        0.5215377370653946,
        0.8530754291312036,
        0.33631623221308304,
        0,
        0,
        0,
        1
      ],
      "fov": 50,
      "aspect": 1
    },
    {
      "camera_to_world": [
        0.883642686618789,
        0.40098154297518596,
        -0.24163899639414194,
        -0.09547603021097964,
        -0.4680456565233013,
        0.7451503119800726,
        -0.4750623916557409,
        -0.18770591286271224,
        -0.010433877265954574,
        0.532883490783154,
        0.8461242931484471,
        0.3343193278828063,
        0,
        0,
        0,
        1
      ],
      "fov": 50,
      "aspect": 1
    },
    {
      "camera_to_world": [
        0.9158883294010187,
        0.3393493601747528,
        -0.21445414385363776,
        -0.08493909053256403,
        -0.40139714833639845,
        0.7670180722215096,
        -0.5005632888986231,
        -0.19825864537819046,
        -0.005375627816186167,
        0.5445413562206135,
        0.8387167662512757,
        0.3321914742173627,
        0,
        0,
        0,
        1
      ],
      "fov": 50,
      "aspect": 1
    },
    {
      "camera_to_world": [
        0.9413595181436079,
        0.2810712279255432,
        -0.18665803607898002,
        -0.07411179201572116,
        -0.3374026187028684,
        0.7820250898625,
        -0.52401930471882,
        -0.2080596609768119,
        -0.001315481995785989,
        0.5562694703630391,
        0.8310009301132837,
        0.3299454379623908,
        0,
        0,
        0,
        1
      ],
      "fov": 50,
      "aspect": 1
    },
    {
      "camera_to_world": [
        0.9609286354143525,
        0.22703910976050748,
        -0.15833319386618486,
        -0.06301443761285214,
        -0.27679238312435744,
        0.7911994053657091,
        -0.5453342805961195,
        -0.21703554767200223,
        0.0014609192481492147,
        0.5678527481558089,
        0.8231288611917613,
        0.32759398586352895,
        0,
        0,
        0,
        1
      ],
      "fov": 50,
      "aspect": 1
    },
    {
      "camera_to_world": [
        0.9755044704156535,
        0.17778861622488024,
        -0.1295462702663327,
        -0.05166733027635803,
        -0.21996275955296368,
        0.795635813686592,
        -0.5644289471573191,
        -0.22511289347718727,
        0.0027226106810509664,
        0.579098316281542,
        0.8152531677159939,
        0.32514988466641603,
        0,
        0,
        0,
        1
      ],
      "fov": 50,
      "aspect": 1
    },
    {
      "camera_to_world": [
        0.9859471380480469,
        0.13356231881088676,
        -0.1003461407764387,
        -0.04009077295863969,
        -0.16704197081360317,
        0.7964053187477919,
        -0.5812362241437945,
        -0.2322182864057929,
        0.0022849423566409376,
        0.5898302088432629,
        0.8075240577062331,
        0.32262590111669043,
        0,
        0,
        0,
        1
      ],
      "fov": 50,
      "aspect": 1
    },
    {
      "camera_to_world": [
        0.993018277598769,
        0.09437873037459352,
        -0.07076267100423589,
        -0.02830506861209869,
        -0.11796058814186178,
        0.794500991855247,
        -0.5956957894649373,
        -0.2382783144712446,
        0,
        0.5998840131174598,
        0.8000869770256803,
        0.32003480195999096,
        0,
        0,
        0,
        1
      ],
      "fov": 50,
      "aspect": 1
    },
    {
      "camera_to_world": [
        0.9990241950981583,
        0.038010753007289386,
        -0.022490892919041848,
        -0.009005945283655918,
        -0.04380821141782927,
        0.7881095814995316,
        -0.6139740451851399,
        -0.24585137822903952,
        -0.0056123275784418355,
        0.6143602120942178,
        0.7890057234106101,
        0.3159386845154211,
        0,
        0,
        0,
        1
      ],
      "fov": 50,
      "aspect": 1
    },
    {
      "camera_to_world": [
        0.9994770154022563,
        -0.016236152525154913,
        0.027965747509732037,
        0.011204117510836413,
        0.030190142694025347,
        0.7783768880693351,
        -0.6270709492582256,
        -0.2512278910185014,
        -0.011586671942907753,
        0.6275872907179347,
        0.7784599807071716,
        0.3118799665269699,
        0,
        0,
        0,
        1
      ],
      "fov": 50,
      "aspect": 1
    },
    {
      "camera_to_world": [
        0.9943389447652198,
        -0.06967063464807084,
        0.08022509327463925,
        0.03214499772358779,
        0.10486542554563125,
        0.7651532952300466,
        -0.6352508774678982,
        -0.254535532560116,
        -0.01712616268529572,
        0.640067525708293,
        0.7681277609130792,
        0.3077773252347458,
        0,
        0,
        0,
        1
      ],
      "fov": 50,
      "aspect": 1
    },
    {
      "camera_to_world": [
        0.9833310027682061,
        -0.12302924867288903,
        0.13388033076542252,
        0.05363657330680766,
        0.18054301238542517,
        0.7479341303631992,
        -0.6387478041579799,
        -0.25590198257436886,
        -0.021549006326759827,
        0.6522716769942025,
        0.7576788895815297,
        0.30354943787885746,
        0,
        0,
        0,
        1
      ],
      "fov": 50,
      "aspect": 1
    },
    {
      "camera_to_world": [
        0.9660904895242901,
        -0.17646144717988851,
        0.18849542092554158,
        0.07549872221270579,
        0.2570565461140847,
        0.7260509634549942,
        -0.637786743799189,
        -0.2554549207817457,
        -0.02431251016689047,
        0.6646136893905017,
        0.7467915008381728,
        0.2991149816994133,
        0,
        0,
        0,
        1
      ],
      "fov": 50,
      "aspect": 1
    },
    {
      "camera_to_world": [
        0.9423247487189721,
        -0.2295195738394912,
        0.24360794973946268,
        0.09755132239349114,
        0.3337608546629507,
        0.6988684531180537,
        -0.6326030170106964,
        -0.25332202690273214,
        -0.02505513612780741,
        0.6774242765512003,
        0.7351656885986315,
        0.29439263393652215,
        0,
        0,
        0,
        1
      ],
      "fov": 50,
      "aspect": 1
    },
    {
      "camera_to_world": [
        0.9119690852012448,
        -0.2811896581231014,
        0.2987386212089398,
        0.11961425180137315,
        0.4095767957591334,
        0.6659935828533283,
        -0.6234576136144848,
        -0.24963098065781397,
        -0.023648171449103472,
        0.6909304767940116,
        0.7225343176793152,
        0.2893010718302926,
        0,
        0,
        0,
        1
      ],
      "fov": 50,
      "aspect": 1
    },
    {
      "camera_to_world": [
        0.8753332647585392,
        -0.329993741803306,
        0.3534060072746505,
        0.1415073883885621,
        0.4830960939174247,
        0.6274774614588277,
        -0.610647360923563,
        -0.2445094617674767,
        -0.020244496755517236,
        0.7052490097347449,
        0.7086705825835283,
        0.28375897262083294,
        0,
        0,
        0,
        1
      ],
      "fov": 50,
      "aspect": 1
    },
    {
      "camera_to_world": [
        0.8332023288666524,
        -0.37417530422434925,
        0.4071445945604618,
        0.16305061010726668,
        0.5527562873435455,
        0.5839686118784929,
        -0.5945091648939366,
