{
    "camera_angle_x": 0.8575560450553894,
    "frames": [
        {
            "file_path": "./train/r_0",
            "depth_file_path": "./train/r_0_depth_0001.png",
            "rotation": 0.06283185307179587,
            "transform_matrix": [
                [
                    -0.994152843952179,
                    0.0395314022898674,
                    -0.1004863828420639,
                    -0.40194547176361084
                ],
                [
                    -0.10798259824514389,
                    -0.36394986510276794,
                    0.9251381158828735,
                    3.700551986694336
                ],
                [
                    0.0,
                    0.930579423904419,
                    0.36609047651290894,
                    1.4643617868423462
                ],
                [
                    0.0,
                    0.0,
                    0.0,
                    1.0
                ]
            ]
        },
        {
            "file_path": "./train/r_1",
            "depth_file_path": "./train/r_1_depth_0001.png",
            "rotation": 0.06283185307179587,
            "transform_matrix": [
                [
                    0.7956551313400269,
                    0.01181140448898077,
                    -0.605634868144989,
                    -2.422539234161377
                ],
                [
                    -0.6057500243186951,
                    0.015514327213168144,
                    -0.7955039143562317,
                    -3.1820151805877686
                ],
                [
                    0.0,
                    0.999809980392456,
                    0.019498810172080994,
                    0.07799523323774338
                ],
                [
                    0.0,
                    0.0,
                    0.0,
                    1.0
                ]
            ]
        },
        {
            "file_path": "./train/r_2",
            "depth_file_path": "./train/r_2_depth_0001.png",
            "rotation": 0.06283185307179587,
            "transform_matrix": [
                [
                    0.64250648021698,
                    0.4448854327201843,
                    -0.623909056186676,
                    -2.495635986328125
                ],
                [
                    -0.7662802934646606,
                    0.3730250597000122,
                    -0.5231318473815918,
                    -2.092527151107788
                ],
                [
                    -1.4901161193847656e-08,
                    0.8142048120498657,
                    0.5805779695510864,
                    2.3223116397857666
                ],
                [
                    0.0,
                    0.0,
                    0.0,
                    1.0
                ]
            ]
        },
        {
            "file_path": "./train/r_3",
            "depth_file_path": "./train/r_3_depth_0001.png",
            "rotation": 0.06283185307179587,
            "transform_matrix": [
                [
                    -0.8336989879608154,
                    0.13859082758426666,
                    -0.5345453023910522,
                    -2.13818097114563
                ],
                [
                    -0.5522191524505615,
                    -0.20923402905464172,
                    0.8070163130760193,
                    3.228064775466919
                ],
                [
                    -7.450580596923828e-09,
                    0.967994749546051,
                    0.250970721244812,
                    1.0038827657699585
                ],
                [
                    0.0,
                    0.0,
                    0.0,
                    1.0
                ]
            ]
        },
        {
            "file_path": "./train/r_4",
            "depth_file_path": "./train/r_4_depth_0001.png",
            "rotation": 0.06283185307179587,
            "transform_matrix": [
                [
                    0.42033761739730835,
                    -0.6775575280189514,
                    0.6035165786743164,
                    2.4140660762786865
                ],
                [
                    0.9073677659034729,
                    0.3138781487941742,
                    -0.27957871556282043,
                    -1.1183147430419922
                ],
                [
                    0.0,
                    0.6651288866996765,
                    0.7467286586761475,
                    2.9869143962860107
                ],
                [
                    0.0,
                    0.0,
                    0.0,
                    1.0
                ]
            ]
        },
        {
            "file_path": "./train/r_5",
            "depth_file_path": "./train/r_5_depth_0001.png",
            "rotation": 0.06283185307179587,
            "transform_matrix": [
                [
                    -0.9986143708229065,
                    -0.04079052060842514,
                    0.03325019031763077,
                    0.13300074636936188
                ],
                [
                    0.05262548476457596,
                    -0.774035632610321,
                    0.6309512853622437,
                    2.5238049030303955
                ],
                [
                    -1.862645371275562e-09,
                    0.6318267583847046,
                    0.7751097679138184,
                    3.1004385948181152
                ],
                [
                    0.0,
                    0.0,
                    0.0,
                    1.0
                ]
            ]
        },
        {
            "file_path": "./train/r_6",
            "depth_file_path": "./train/r_6_depth_0001.png",
            "rotation": 0.06283185307179587,
            "transform_matrix": [
                [
                    0.401748925447464,
                    -0.8898466229438782,
                    0.2162664234638214,
                    0.8650655746459961
                ],
                [
                    0.9157498478889465,
                    0.3903849422931671,
                    -0.09487832337617874,
                    -0.3795132339000702
                ],
                [
                    0.0,
                    0.23616310954093933,
                    0.9717135429382324,
                    3.8868536949157715
                ],
                [
                    0.0,
                    0.0,
                    0.0,
                    1.0
                ]
            ]
        },
        {
            "file_path": "./train/r_7",
            "depth_file_path": "./train/r_7_depth_0001.png",
            "rotation": 0.06283185307179587,
            "transform_matrix": [
                [
                    -0.9566987752914429,
                    -0.23753316700458527,
                    0.16824272274971008,
                    0.6729708313941956
                ],
                [
                    0.2910800874233246,
                    -0.7807050347328186,
                    0.5529667139053345,
                    2.211866617202759
                ],
                [
                    0.0,
                    0.577994704246521,
                    0.8160407543182373,
                    3.264162540435791
                ],
                [
                    0.0,
                    0.0,
                    0.0,
                    1.0
                ]
            ]
        },
        {
            "file_path": "./train/r_8",
            "depth_file_path": "./train/r_8_depth_0001.png",
            "rotation": 0.06283185307179587,
            "transform_matrix": [
                [
                    0.8765537738800049,
                    0.11282594501972198,
                    -0.46789294481277466,
                    -1.8715715408325195
                ],
                [
                    -0.4813039004802704,
                    0.20547933876514435,
                    -0.8521296977996826,
                    -3.4085183143615723
                ],
                [
                    -7.450580596923828e-09,
                    0.9721361994743347,
                    0.23441725969314575,
                    0.9376689195632935
                ],
                [
                    0.0,
                    0.0,
                    0.0,
                    1.0
                ]
            ]
        },
        {
            "file_path": "./train/r_9",
            "depth_file_path": "./train/r_9_depth_0001.png",
            "rotation": 0.06283185307179587,
            "transform_matrix": [
                [
                    -0.0013141748495399952,
                    -0.40852606296539307,
                    0.9127459526062012,
                    3.6509828567504883
                ],
                [
                    0.9999992251396179,
                    -0.0005368751008063555,
                    0.00119950866792351,
                    0.004798033740371466
                ],
                [
                    0.0,
                    0.9127466082572937,
                    0.4085264801979065,
                    1.6341054439544678
                ],
                [
                    0.0,
                    0.0,
                    0.0,
                    1.0
                ]
            ]
        },
        {
            "file_path": "./train/r_10",
            "depth_file_path": "./train/r_10_depth_0001.png",
            "rotation": 0.06283185307179587,
            "transform_matrix": [
                [
                    -0.9205653071403503,
                    -0.00949050858616829,
                    0.3904736042022705,
                    1.561894178390503
                ],
                [
                    0.3905889093875885,
                    -0.022367848083376884,
                    0.9202935695648193,
                    3.681173801422119
                ],
                [
                    0.0,
                    0.9997048377990723,
                    0.02429795265197754,
                    0.09719179570674896
                ],
                [
                    0.0,
                    0.0,
                    0.0,
                    1.0
                ]
            ]
        },
        {
            "file_path": "./train/r_11",
            "depth_file_path": "./train/r_11_depth_0001.png",
            "rotation": 0.06283185307179587,
            "transform_matrix": [
                [
                    0.7279319763183594,
                    0.0827261209487915,
                    -0.6806405782699585,
                    -2.722562074661255
                ],
                [
                    -0.6856494545936584,
                    0.0878276601433754,
                    -0.7226141691207886,
                    -2.890456438064575
                ],
                [
                    0.0,
                    0.9926947355270386,
                    0.12065368890762329,
                    0.4826146960258484
                ],
                [
                    0.0,
                    0.0,
                    0.0,
                    1.0
                ]
            ]
        },
        {
            "file_path": "./train/r_12",
            "depth_file_path": "./train/r_12_depth_0001.png",
            "rotation": 0.06283185307179587,
            "transform_matrix": [
                [
                    0.5580530166625977,
                    0.38537105917930603,
                    -0.734891951084137,
                    -2.9395673274993896
                ],
                [
                    -0.8298052549362183,
                    0.2591662108898163,
                    -0.4942227900028229,
                    -1.9768906831741333
                ],
                [
                    1.4901159417490817e-08,
                    0.885619580745697,
                    0.46441149711608887,
                    1.8576455116271973
                ],
                [
                    0.0,
                    0.0,
                    0.0,
                    1.0
                ]
            ]
        },
        {
            "file_path": "./train/r_13",
            "depth_file_path": "./train/r_13_depth_0001.png",
            "rotation": 0.06283185307179587,
            "transform_matrix": [
                [
                    0.651344358921051,
                    0.15233483910560608,
                    -0.7433334589004517,
                    -2.9733338356018066
                ],
                [
                    -0.7587822675704956,
                    0.13076536357402802,
                    -0.6380829811096191,
                    -2.5523319244384766
                ],
                [
                    0.0,
                    0.9796401262283325,
                    0.20076222717761993,
                    0.8030489087104797
                ],
                [
                    0.0,
                    0.0,
                    0.0,
                    1.0
                ]
            ]
        },
        {
            "file_path": "./train/r_14",
            "depth_file_path": "./train/r_14_depth_0001.png",
            "rotation": 0.06283185307179587,
            "transform_matrix": [
                [
                    0.8071671724319458,
                    -0.43151605129241943,
                    0.4028339982032776,
                    1.6113355159759521
                ],
                [
                    0.5903229713439941,
                    0.5900254249572754,
                    -0.5508075952529907,
                    -2.2032299041748047
                ],
                [
                    1.4901161193847656e-08,
                    0.6823958158493042,
                    0.7309829592704773,
                    2.923931360244751
                ],
                [
                    0.0,
                    0.0,
                    0.0,
                    1.0
                ]
            ]
        },
        {
            "file_path": "./train/r_15",
            "depth_file_path": "./train/r_15_depth_0001.png",
            "rotation": 0.06283185307179587,
            "transform_matrix": [
                [
                    0.9168756604194641,
                    -0.3336399495601654,
                    0.21914243698120117,
                    0.8765697479248047
                ],
                [
                    0.39917290210723877,
                    0.7663505673408508,
                    -0.5033567547798157,
                    -2.0134270191192627
                ],
                [
                    0.0,
                    0.548991322517395,
                    0.8358280658721924,
                    3.3433122634887695
                ],
                [
                    0.0,
                    0.0,
                    0.0,
                    1.0
                ]
            ]
        },
        {
            "file_path": "./train/r_16",
            "depth_file_path": "./train/r_16_depth_0001.png",
            "rotation": 0.06283185307179587,
            "transform_matrix": [
                [
                    -0.4818834364414215,
                    -0.1285172402858734,
                    0.8667594194412231,
                    3.4670372009277344
                ],
                [
                    0.8762354254722595,
                    -0.0706777274608612,
                    0.47667214274406433,
                    1.9066883325576782
                ],
                [
                    -3.725290742551124e-09,
                    0.9891855716705322,
                    0.14666977524757385,
                    0.5866790413856506
                ],
                [
                    0.0,
                    0.0,
                    0.0,
                    1.0
                ]
            ]
        },
        {
            "file_path": "./train/r_17",
            "depth_file_path": "./train/r_17_depth_0001.png",
            "rotation": 0.06283185307179587,
            "transform_matrix": [
                [
                    0.8989436030387878,
                    0.15374264121055603,
                    -0.4101995825767517,
                    -1.6407980918884277
                ],
                [
                    -0.4380643963813782,
                    0.31549233198165894,
                    -0.8417626619338989,
                    -3.3670501708984375
                ],
                [
                    1.4901161193847656e-08,
                    0.9363909363746643,
                    0.3509589731693268,
                    1.4038357734680176
                ],
                [
                    0.0,
                    0.0,
                    0.0,
                    1.0
                ]
            ]
        },
        {
            "file_path": "./train/r_18",
            "depth_file_path": "./train/r_18_depth_0001.png",
            "rotation": 0.06283185307179587,
            "transform_matrix": [
                [
                    0.6420454978942871,
                    0.17151468992233276,
                    -0.7472352385520935,
                    -2.988940477371216
                ],
                [
                    -0.76666659116745,
                    0.1436351090669632,
                    -0.6257727146148682,
                    -2.5030903816223145
                ],
                [
                    0.0,
                    0.9746547341346741,
                    0.22371487319469452,
                    0.894859254360199
                ],
                [
                    0.0,
                    0.0,
                    0.0,
                    1.0
                ]
            ]
        },
        {
            "file_path": "./train/r_19",
            "depth_file_path": "./train/r_19_depth_0001.png",
            "rotation": 0.06283185307179587,
            "transform_matrix": [
                [
                    0.6769826412200928,
                    0.635408341884613,
                    -0.3714173138141632,
                    -1.4856691360473633
                ],
                [
                    -0.7359990477561951,
                    0.5844578742980957,
                    -0.3416350483894348,
                    -1.3665400743484497
                ],
                [
                    1.4901162970204496e-08,
                    0.5046437978744507,
                    0.8633278012275696,
                    3.45331072807312
                ],
                [
                    0.0,
                    0.0,
                    0.0,
                    1.0
                ]
            ]
        },
        {
            "file_path": "./train/r_20",
            "depth_file_path": "./train/r_20_depth_0001.png",
            "rotation": 0.06283185307179587,
            "transform_matrix": [
                [
                    0.22019627690315247,
                    0.4862658977508545,
                    -0.8456118106842041,
                    -3.382446765899658
                ],
                [
                    -0.975455641746521,
                    0.10976812988519669,
                    -0.1908857375383377,
                    -0.7635428309440613
                ],
                [
                    7.450580596923828e-09,
                    0.8668891191482544,
                    0.49850133061408997,
                    1.9940050840377808
                ],
                [
                    0.0,
                    0.0,
                    0.0,
                    1.0
                ]
            ]
        },
        {
            "file_path": "./train/r_21",
            "depth_file_path": "./train/r_21_depth_0001.png",
            "rotation": 0.06283185307179587,
            "transform_matrix": [
                [
                    0.9908331036567688,
                    -0.0614902600646019,
                    0.1202862411737442,
                    0.48114490509033203
                ],
                [
                    0.13509191572666168,
                    0.4510009288787842,
                    -0.8822406530380249,
                    -3.5289621353149414
                ],
                [
                    0.0,
                    0.8904028534889221,
                    0.4551735520362854,
                    1.8206939697265625
                ],
                [
                    0.0,
                    0.0,
                    0.0,
                    1.0
                ]
            ]
        },
        {
            "file_path": "./train/r_22",
            "depth_file_path": "./train/r_22_depth_0001.png",
            "rotation": 0.06283185307179587,
            "transform_matrix": [
                [
                    0.9856816530227661,
                    0.12902894616127014,
                    -0.10855086147785187,
                    -0.4342033863067627
                ],
                [
                    -0.16861717402935028,
                    0.7542616724967957,
                    -0.6345533132553101,
                    -2.538213014602661
                ],
                [
                    0.0,
                    0.6437710523605347,
                    0.7652183175086975,
                    3.060872793197632
                ],
                [
                    0.0,
                    0.0,
                    0.0,
                    1.0
                ]
            ]
        },
        {
            "file_path": "./train/r_23",
            "depth_file_path": "./train/r_23_depth_0001.png",
            "rotation": 0.06283185307179587,
            "transform_matrix": [
                [
                    0.7106103897094727,
                    0.6521883606910706,
                    -0.26397591829299927,
                    -1.055903434753418
                ],
                [
                    -0.7035857439041138,
                    0.6586998701095581,
                    -0.2666114866733551,
                    -1.0664457082748413
                ],
                [
                    0.0,
                    0.3751866817474365,
                    0.9269495606422424,
                    3.7077972888946533
                ],
                [
                    0.0,
                    0.0,
                    0.0,
                    1.0
                ]
            ]
        },
        {
            "file_path": "./train/r_24",
            "depth_file_path": "./train/r_24_depth_0001.png",
            "rotation": 0.06283185307179587,
            "transform_matrix": [
                [
                    -0.9938018918037415,
                    -0.10541029274463654,
                    0.0353047177195549,
                    0.1412188559770584
                ],
                [
                    0.11116541922092438,
                    -0.9423519372940063,
                    0.3156187832355499,
                    1.2624750137329102
                ],
                [
                    0.0,
                    0.3175871670246124,
                    0.948229193687439,
                    3.7929162979125977
                ],
                [
                    0.0,
                    0.0,
                    0.0,
                    1.0
                ]
            ]
        },
        {
            "file_path": "./train/r_25",
            "depth_file_path": "./train/r_25_depth_0001.png",
            "rotation": 0.06283185307179587,
            "transform_matrix": [
                [
                    0.8503222465515137,
                    0.2137865126132965,
                    -0.4808821678161621,
                    -1.9235281944274902
                ],
                [
                    -0.5262625217437744,
                    0.34543105959892273,
                    -0.7769978046417236,
                    -3.107990264892578
                ],
                [
                    0.0,
                    0.9137685298919678,
                    0.40623554587364197,
                    1.6249417066574097
                ],
                [
                    0.0,
                    0.0,
                    0.0,
                    1.0
                ]
            ]
        },
        {
            "file_path": "./train/r_26",
            "depth_file_path": "./train/r_26_depth_0001.png",
            "rotation": 0.06283185307179587,
            "transform_matrix": [
                [
                    0.9975172877311707,
                    0.04382801428437233,
                    -0.055122170597314835,
                    -0.22048865258693695
                ],
                [
                    -0.07042263448238373,
                    0.6208117604255676,
                    -0.780790388584137,
                    -3.1231610774993896
                ],
                [
                    0.0,
                    0.7827337384223938,
                    0.6223569512367249,
                    2.4894275665283203
                ],
                [
                    0.0,
                    0.0,
                    0.0,
                    1.0
                ]
            ]
        },
        {
            "file_path": "./train/r_27",
            "depth_file_path": "./train/r_27_depth_0001.png",
            "rotation": 0.06283185307179587,
            "transform_matrix": [
                [
                    -0.16572757065296173,
                    0.49936819076538086,
                    -0.8503918051719666,
                    -3.40156626701355
                ],
                [
                    -0.986171543598175,
                    -0.08391955494880676,
                    0.14290958642959595,
                    0.5716382265090942
                ],
                [
                    0.0,
                    0.8623161911964417,
                    0.5063705444335938,
                    2.025481700897217
                ],
                [
                    0.0,
                    0.0,
                    0.0,
                    1.0
                ]
            ]
        },
        {
            "file_path": "./train/r_28",
            "depth_file_path": "./train/r_28_depth_0001.png",
            "rotation": 0.06283185307179587,
            "transform_matrix": [
                [
                    -0.8701019287109375,
                    -0.30190911889076233,
                    0.3895814120769501,
                    1.5583254098892212
                ],
                [
                    0.4928719699382782,
                    -0.5329816341400146,
                    0.6877557039260864,
                    2.7510225772857666
                ],
                [
                    0.0,
                    0.7904313206672668,
                    0.6125508546829224,
                    2.4502031803131104
                ],
                [
                    0.0,
                    0.0,
                    0.0,
                    1.0
                ]
            ]
        },
        {
            "file_path": "./train/r_29",
            "depth_file_path": "./train/r_29_depth_0001.png",
            "rotation": 0.06283185307179587,
            "transform_matrix": [
                [
                    -0.9949885010719299,
                    -0.009353428147733212,
                    0.09955176711082458,
                    0.39820700883865356
                ],
                [
                    0.09999019652605057,
                    -0.09307465702295303,
                    0.9906257390975952,
                    3.9625024795532227
                ],
                [
                    -9.31322685637781e-10,
                    0.9956152439117432,
                    0.09354345500469208,
                    0.3741737902164459
                ],
                [
                    0.0,
                    0.0,
                    0.0,
                    1.0
                ]
            ]
        },
        {
            "file_path": "./train/r_30",
            "depth_file_path": "./train/r_30_depth_0001.png",
            "rotation": 0.06283185307179587,
            "transform_matrix": [
                [
                    0.9836544394493103,
                    -0.16790544986724854,
                    0.06505134701728821,
                    0.26020535826683044
                ],
                [
                    0.18006639182567596,
                    0.9172224402427673,
                    -0.3553580343723297,
                    -1.4214320182800293
                ],
                [
                    0.0,
                    0.36126306653022766,
                    0.932464063167572,
                    3.72985577583313
                ],
                [
                    0.0,
                    0.0,
                    0.0,
                    1.0
                ]
            ]
        },
        {
            "file_path": "./train/r_31",
            "depth_file_path": "./train/r_31_depth_0001.png",
            "rotation": 0.06283185307179587,
            "transform_matrix": [
                [
                    -0.15062443912029266,
                    0.22080901265144348,
                    -0.9636160731315613,
                    -3.854463815689087
                ],
                [
                    -0.9885911345481873,
                    -0.03364306688308716,
                    0.14681917428970337,
                    0.5872766375541687
                ],
                [
                    -3.725290742551124e-09,
                    0.974736750125885,
                    0.22335729002952576,
                    0.8934290409088135
                ],
                [
                    0.0,
                    0.0,
                    0.0,
                    1.0
                ]
            ]
        },
        {
            "file_path": "./train/r_32",
            "depth_file_path": "./train/r_32_depth_0001.png",
            "rotation": 0.06283185307179587,
            "transform_matrix": [
                [
                    0.11266272515058517,
                    0.04101700708270073,
                    -0.9927864670753479,
                    -3.9711453914642334
                ],
                [
                    -0.9936332106590271,
                    0.00465069804340601,
                    -0.11256672441959381,
                    -0.45026683807373047
                ],
                [
                    0.0,
                    0.9991478323936462,
                    0.04127981886267662,
                    0.1651192605495453
                ],
                [
                    0.0,
                    0.0,
                    0.0,
                    1.0
                ]
            ]
        },
        {
            "file_path": "./train/r_33",
            "depth_file_path": "./train/r_33_depth_0001.png",
            "rotation": 0.06283185307179587,
            "transform_matrix": [
                [
                    0.012956243939697742,
                    -0.43752729892730713,
                    0.8991119265556335,
                    3.596447229385376
                ],
                [
                    0.9999160766601562,
                    0.005669186357408762,
                    -0.011650091037154198,
                    -0.04660036042332649
                ],
                [
                    0.0,
                    0.8991873860359192,
                    0.43756410479545593,
                    1.7502561807632446
                ],
                [
                    0.0,
                    0.0,
                    0.0,
                    1.0
                ]
            ]
        },
        {
            "file_path": "./train/r_34",
            "depth_file_path": "./train/r_34_depth_0001.png",
            "rotation": 0.06283185307179587,
            "transform_matrix": [
                [
                    0.8051119446754456,
                    0.3278472125530243,
                    -0.4942783713340759,
                    -1.9771132469177246
                ],
                [
                    -0.5931229591369629,
                    0.44502365589141846,
                    -0.6709391474723816,
                    -2.6837563514709473
                ],
                [
                    2.9802322387695312e-08,
                    0.8333489894866943,
                    0.5527474880218506,
                    2.2109897136688232
                ],
                [
                    0.0,
                    0.0,
                    0.0,
                    1.0
                ]
            ]
        },
        {
            "file_path": "./train/r_35",
            "depth_file_path": "./train/r_35_depth_0001.png",
            "rotation": 0.06283185307179587,
            "transform_matrix": [
                [
                    -0.9653048515319824,
                    0.21504057943820953,
                    -0.14813576638698578,
                    -0.5925430059432983
                ],
                [
                    -0.26112574338912964,
                    -0.7949416041374207,
                    0.5476142168045044,
                    2.1904566287994385
                ],
                [
                    -7.450581485102248e-09,
                    0.5672966837882996,
                    0.8235136270523071,
                    3.2940540313720703
                ],
                [
                    0.0,
                    0.0,
                    0.0,
                    1.0
                ]
            ]
        },
        {
            "file_path": "./train/r_36",
            "depth_file_path": "./train/r_36_depth_0001.png",
            "rotation": 0.06283185307179587,
            "transform_matrix": [
                [
                    0.6021308302879333,
                    -0.42247274518013,
                    0.6774625182151794,
                    2.7098498344421387
                ],
                [
                    0.7983975410461426,
                    0.3186180293560028,
                    -0.510924756526947,
                    -2.043698787689209
                ],
                [
                    -1.4901162970204496e-08,
                    0.8485278487205505,
                    0.5291509032249451,
                    2.116603374481201
                ],
                [
                    0.0,
                    0.0,
                    0.0,
                    1.0
                ]
            ]
        },
        {
            "file_path": "./train/r_37",
            "depth_file_path": "./train/r_37_depth_0001.png",
            "rotation": 0.06283185307179587,
            "transform_matrix": [
                [
                    -0.3453109562397003,
                    -0.3282662630081177,
                    0.8792053461074829,
                    3.5168204307556152
                ],
                [
                    0.9384884238243103,
                    -0.12078352272510529,
                    0.32349810004234314,
                    1.2939921617507935
                ],
                [
                    0.0,
                    0.9368313550949097,
                    0.34978196024894714,
                    1.3991276025772095
                ],
                [
                    0.0,
                    0.0,
                    0.0,
                    1.0
                ]
            ]
        },
        {
            "file_path": "./train/r_38",
            "depth_file_path": "./train/r_38_depth_0001.png",
            "rotation": 0.06283185307179587,
            "transform_matrix": [
                [
                    -0.35627639293670654,
                    -0.13814637064933777,
                    0.9241119623184204,
                    3.6964473724365234
                ],
                [
                    0.9343805909156799,
                    -0.0526747852563858,
                    0.3523609936237335,
                    1.4094438552856445
                ],
                [
                    0.0,
                    0.9890101552009583,
                    0.14784808456897736,
                    0.5913922786712646
                ],
                [
                    0.0,
                    0.0,
                    0.0,
                    1.0
                ]
            ]
        },
        {
            "file_path": "./train/r_39",
            "depth_file_path": "./train/r_39_depth_0001.png",
            "rotation": 0.06283185307179587,
            "transform_matrix": [
                [
                    -0.715846836566925,
                    0.48513492941856384,
                    -0.5022026300430298,
                    -2.00881028175354
                ],
                [
                    -0.698257327079773,
                    -0.49735578894615173,
                    0.5148534178733826,
                    2.059413433074951
                ],
                [
                    0.0,
                    0.7192228436470032,
                    0.6947795748710632,
                    2.779118061065674
                ],
                [
                    0.0,
                    0.0,
                    0.0,
                    1.0
                ]
            ]
        },
        {
            "file_path": "./train/r_40",
            "depth_file_path": "./train/r_40_depth_0001.png",
            "rotation": 0.06283185307179587,
            "transform_matrix": [
                [
                    -0.676060140132904,
                    0.02706426940858364,
                    -0.7363492846488953,
                    -2.945396900177002
                ],
                [
                    -0.7368464469909668,
                    -0.02483159862458706,
                    0.6756040453910828,
                    2.702415943145752
                ],
                [
                    0.0,
                    0.9993253350257874,
                    0.03672986477613449,
                    0.14691944420337677
                ],
                [
                    0.0,
                    0.0,
                    0.0,
                    1.0
                ]
            ]
        },
        {
            "file_path": "./train/r_41",
            "depth_file_path": "./train/r_41_depth_0001.png",
            "rotation": 0.06283185307179587,
            "transform_matrix": [
                [
